[gd_scene load_steps=6 format=3 uid="uid://rlsi5aukw8y7"]

[ext_resource type="Texture2D" uid="uid://tmthywr8erhl" path="res://Assets/3D/WildWest/RailTexture.png" id="1_hpnfv"]
[ext_resource type="ArrayMesh" uid="uid://cgig81240o6kb" path="res://Assets/3D/WildWest/Railcurve.obj" id="2_hvpj6"]
[ext_resource type="PackedScene" uid="uid://cjcy5hk6ha0t" path="res://Scenes/Objects/_Abstract/TurningRail.tscn" id="3_sh0on"]
[ext_resource type="PackedScene" uid="uid://cwxr5dui74n3t" path="res://Scenes/Objects/BuildingBlocks/WildWest/RailStraight.tscn" id="4_3w7d5"]

[sub_resource type="StandardMaterial3D" id="StandardMaterial3D_jsnhu"]
albedo_texture = ExtResource("1_hpnfv")

[node name="RailCurve" type="Node3D"]

[node name="Railcurve" type="MeshInstance3D" parent="."]
transform = Transform3D(1, 0, 1.06581e-14, 0, 1, 0, -1.06581e-14, 0, 1, 0, 0, -5)
material_override = SubResource("StandardMaterial3D_jsnhu")
mesh = ExtResource("2_hvpj6")

[node name="TurningRail" parent="." node_paths=PackedStringArray("start", "finish") instance=ExtResource("3_sh0on")]
transform = Transform3D(1, 0, 1.06581e-14, 0, 1, 0, -1.06581e-14, 0, 1, -2.5003, 0, 0.000760257)
start = NodePath("../Node3D")
finish = NodePath("../Node3D2")
release_mask = 2

[node name="TurningRail2" parent="." node_paths=PackedStringArray("start", "finish") instance=ExtResource("3_sh0on")]
transform = Transform3D(-4.37114e-08, 0, 1, 0, 1, 0, -1, 0, -4.37114e-08, -0.000303447, 0, -1.99924)
start = NodePath("../Node3D")
finish = NodePath("../Node3D2")
catch_mask = 2

[node name="TurningRail3" parent="." node_paths=PackedStringArray("start", "finish") instance=ExtResource("3_sh0on")]
transform = Transform3D(0.176432, 0, 0.984313, 0, 1, 0, -0.984313, 0, 0.176432, -0.082895, 0, -1.49694)
start = NodePath("../Node3D")
finish = NodePath("../Node3D2")
catch_mask = 2
release_mask = 2

[node name="TurningRail4" parent="." node_paths=PackedStringArray("start", "finish") instance=ExtResource("3_sh0on")]
transform = Transform3D(0.976822, 0, 0.214053, 0, 1, 0, -0.214053, 0, 0.976822, -1.988, 0, 0.00225896)
start = NodePath("../Node3D")
finish = NodePath("../Node3D2")
catch_mask = 2
release_mask = 2

[node name="TurningRail8" parent="." node_paths=PackedStringArray("start", "finish") instance=ExtResource("3_sh0on")]
transform = Transform3D(0.852631, 0, 0.522513, 0, 1, 0, -0.522513, 0, 0.852631, -1.49202, 0, -0.0859998)
start = NodePath("../Node3D")
finish = NodePath("../Node3D2")
catch_mask = 2
release_mask = 2

[node name="TurningRail5" parent="." node_paths=PackedStringArray("start", "finish") instance=ExtResource("3_sh0on")]
transform = Transform3D(0.8183, 0, 0.574791, 0, 1, 0, -0.574791, 0, 0.8183, -1.06865, 0, -0.35578)
start = NodePath("../Node3D")
finish = NodePath("../Node3D2")
catch_mask = 2
release_mask = 2

[node name="TurningRail6" parent="." node_paths=PackedStringArray("start", "finish") instance=ExtResource("3_sh0on")]
transform = Transform3D(0.637478, 0, 0.770469, 0, 1, 0, -0.770469, 0, 0.637478, -0.662631, 0, -0.644118)
start = NodePath("../Node3D")
finish = NodePath("../Node3D2")
catch_mask = 2
release_mask = 2

[node name="TurningRail7" parent="." node_paths=PackedStringArray("start", "finish") instance=ExtResource("3_sh0on")]
transform = Transform3D(0.489093, 0, 0.872232, 0, 1, 0, -0.872232, 0, 0.489093, -0.338987, 0, -1.03249)
start = NodePath("../Node3D")
finish = NodePath("../Node3D2")
catch_mask = 2
release_mask = 2

[node name="Node3D" type="Node3D" parent="."]
transform = Transform3D(-4.37114e-08, 0, 1, 0, 1, 0, -1, 0, -4.37114e-08, -0.000303447, 0, -2.49924)

[node name="Node3D2" type="Node3D" parent="."]
transform = Transform3D(1, 0, 1.06581e-14, 0, 1, 0, -1.06581e-14, 0, 1, -2.5003, 0, 0.000760257)

[node name="Rail" parent="." instance=ExtResource("4_3w7d5")]
transform = Transform3D(-4.37114e-08, 0, -1, 0, 1, 0, 1, 0, -4.37114e-08, 0, 0, 0)
catch_mask = 1
