[gd_scene load_steps=7 format=3 uid="uid://bkoppclofsmkk"]

[ext_resource type="Texture2D" uid="uid://dq4qa8b68a5y7" path="res://Assets/western2/rails3.png" id="1_eiqj5"]
[ext_resource type="ArrayMesh" uid="uid://dgsa5b2jna725" path="res://Assets/western2/rails3.obj" id="2_hxh54"]

[sub_resource type="StandardMaterial3D" id="StandardMaterial3D_ayx6o"]
albedo_texture = ExtResource("1_eiqj5")

[sub_resource type="BoxShape3D" id="BoxShape3D_dngxw"]
size = Vector3(1.5, 5, 0.5)

[sub_resource type="BoxShape3D" id="BoxShape3D_5w7a5"]
size = Vector3(0.75, 5, 0.5)

[sub_resource type="BoxShape3D" id="BoxShape3D_s5ueg"]
size = Vector3(1, 5, 0.5)

[node name="RailCurve" type="StaticBody3D"]
collision_layer = 8
collision_mask = 8

[node name="Railcurve" type="MeshInstance3D" parent="."]
transform = Transform3D(-1, 0, -8.74228e-08, 0, 1, 0, 8.74228e-08, 0, -1, 0, 0, 0)
material_override = SubResource("StandardMaterial3D_ayx6o")
mesh = ExtResource("2_hxh54")

[node name="CollisionShape3D" type="CollisionShape3D" parent="."]
transform = Transform3D(0.707107, 0, 0.707107, 0, 1, 0, -0.707107, 0, 0.707107, 1.05143, 2.5, 1.08831)
shape = SubResource("BoxShape3D_dngxw")

[node name="CollisionShape3D5" type="CollisionShape3D" parent="."]
transform = Transform3D(0.906308, 0, 0.422618, 0, 1, 0, -0.422618, 0, 0.906308, -0.711211, 2.5, 2.14401)
shape = SubResource("BoxShape3D_dngxw")

[node name="CollisionShape3D6" type="CollisionShape3D" parent="."]
transform = Transform3D(0.422618, 0, 0.906308, 0, 1, 0, -0.906308, 0, 0.422618, 2.15702, 2.5, -0.713206)
shape = SubResource("BoxShape3D_dngxw")

[node name="CollisionShape3D4" type="CollisionShape3D" parent="."]
transform = Transform3D(0.707107, 0, 0.707107, 0, 1, 0, -0.707107, 0, 0.707107, -2.43919, 2.5, -2.44002)
shape = SubResource("BoxShape3D_5w7a5")

[node name="CollisionShape3D2" type="CollisionShape3D" parent="."]
transform = Transform3D(1, 0, 0, 0, 1, 0, 0, 0, 1, -2, 2.5, 2.25)
shape = SubResource("BoxShape3D_s5ueg")

[node name="CollisionShape3D3" type="CollisionShape3D" parent="."]
transform = Transform3D(-4.37114e-08, 0, 1, 0, 1, 0, -1, 0, -4.37114e-08, 2.25, 2.5, -2)
shape = SubResource("BoxShape3D_s5ueg")
