[gd_scene load_steps=5 format=3 uid="uid://bkoppclofsmkk"]

[ext_resource type="Texture2D" uid="uid://dq4qa8b68a5y7" path="res://Assets/western2/rails3.png" id="1_eiqj5"]
[ext_resource type="ArrayMesh" uid="uid://dgsa5b2jna725" path="res://Assets/western2/rails3.obj" id="2_hxh54"]

[sub_resource type="StandardMaterial3D" id="StandardMaterial3D_ayx6o"]
albedo_texture = ExtResource("1_eiqj5")

[sub_resource type="BoxShape3D" id="BoxShape3D_dngxw"]
size = Vector3(1.5, 5, 0.5)

[node name="RailCurve" type="StaticBody3D"]
collision_layer = 8
collision_mask = 8

[node name="Railcurve" type="MeshInstance3D" parent="."]
transform = Transform3D(-1, 0, -8.74228e-08, 0, 1, 0, 8.74228e-08, 0, -1, 0, 0, 0)
material_override = SubResource("StandardMaterial3D_ayx6o")
mesh = ExtResource("2_hxh54")

[node name="CollisionShape3D" type="CollisionShape3D" parent="."]
transform = Transform3D(0.707107, 0, 0.707107, 0, 1, 0, -0.707107, 0, 0.707107, 0.936975, 2.5, 1.02928)
shape = SubResource("BoxShape3D_dngxw")

[node name="CollisionShape3D5" type="CollisionShape3D" parent="."]
transform = Transform3D(0.965926, 0, 0.258819, 0, 1, 0, -0.258819, 0, 0.965926, -1.49289, 2.5, 2.31997)
shape = SubResource("BoxShape3D_dngxw")

[node name="CollisionShape3D7" type="CollisionShape3D" parent="."]
transform = Transform3D(0.866026, 0, 0.5, 0, 1, 0, -0.5, 0, 0.866026, -0.0495346, 2.5, 1.72843)
shape = SubResource("BoxShape3D_dngxw")

[node name="CollisionShape3D6" type="CollisionShape3D" parent="."]
transform = Transform3D(0.258819, 0, 0.965926, 0, 1, 0, -0.965926, 0, 0.258819, 2.27263, 2.5, -1.43929)
shape = SubResource("BoxShape3D_dngxw")

[node name="CollisionShape3D8" type="CollisionShape3D" parent="."]
transform = Transform3D(0.5, 0, 0.866026, 0, 1, 0, -0.866026, 0, 0.5, 1.68451, 2.5, -0.0025163)
shape = SubResource("BoxShape3D_dngxw")
